[[0.08475838 0.08470143 0.08470485 0.08470706 0.08470617 0.08470571
  0.08470462 0.08470292 0.0846988  0.08469711 0.08469994 0.08470228
  0.08470445 0.08470155 0.08470368 0.08470399 0.08470803 0.0847109
  0.08471826 0.0847186  0.08471543 0.08471427 0.08471255 0.08471353
  0.08471333 0.08471093 0.08471285 0.08471267 0.08471262 0.08471154
  0.08471254 0.08470824 0.08471109 0.08470686 0.08470796 0.08470923
  0.08471065 0.08470915 0.0847042  0.0847064  0.08471013 0.08471383
  0.08472954 0.08472089 0.08472447 0.08472051 0.08471496 0.08472031
  0.08472264 0.08472259 0.08472144 0.08471989 0.08472239 0.08471841
  0.08472097 0.08472361 0.08472102 0.08472275 0.08472429 0.08471908
  0.08472054 0.08472106 0.08472453 0.08471873 0.084725   0.0847291
  0.08472724 0.08472694 0.08472723 0.0847329  0.08473124 0.08473232
  0.08473112 0.0847334  0.08472403 0.08473374 0.08474036 0.0847374 ]]